36.52
36.49
36.50
36.50
36.51
36.49
36.49
36.50
36.55
36.60
36.60
36.60
36.59
36.55
36.55
36.60
36.70
36.70
36.71
36.72
36.72
36.69
36.65
36.61
36.59
36.55
36.55
36.55
36.55
36.55
36.56
36.53
36.50
36.48
36.50
36.60
36.60
36.59
36.57
36.52
36.61
36.62
36.58
36.60
36.62
36.61
36.60
36.54
36.49
36.47
36.45
36.45
36.50
36.50
36.50
36.49
36.51
36.60
36.70
36.70
36.70
36.70
36.68
36.67
36.63
36.59
36.57
36.57
36.57
36.57
36.56
36.56
36.54
36.55
36.49
36.50
36.60
36.60
36.59
36.55
36.56
36.60
36.60
36.57
36.60
36.60
36.60
36.60
36.59
36.49
36.47
36.48
36.49
36.50
36.51
36.50
36.49
36.50
36.52
36.55
36.20
36.15
36.05
36.02
36.15
35.95
35.87
35.86